*band 1 eu
36 15 14 15 16 15 16 17 16 17 20 19 20
36 15 14 15 16 15 16 17 16 17 -1 -1 -1
36 15 14 15 16 15 16 -1 -1 -1 -1 -1 -1
36 15 14 15 -1 -1 -1 -1 -1 -1 -1 -1 -1
36 13 13 13 14 14 14 15 15 15 18 18 18
36 13 13 13 14 14 14 15 15 15 -1 -1 -1
36 13 13 13 14 14 14 -1 -1 -1 -1 -1 -1
36 13 13 13 -1 -1 -1 -1 -1 -1 -1 -1 -1
40 15 14 15 16 15 16 17 16 17 20 19 20
40 15 14 15 16 15 16 17 16 17 -1 -1 -1
40 15 14 15 16 15 16 -1 -1 -1 -1 -1 -1
40 15 14 15 -1 -1 -1 -1 -1 -1 -1 -1 -1
40 13 13 13 14 14 14 15 15 15 18 18 18
40 13 13 13 14 14 14 15 15 15 -1 -1 -1
40 13 13 13 14 14 14 -1 -1 -1 -1 -1 -1
40 13 13 13 -1 -1 -1 -1 -1 -1 -1 -1 -1
44 15 14 15 16 15 16 17 16 17 20 19 20
44 15 14 15 16 15 16 17 16 17 -1 -1 -1
44 15 14 15 16 15 16 -1 -1 -1 -1 -1 -1
44 15 14 15 -1 -1 -1 -1 -1 -1 -1 -1 -1
44 13 13 13 14 14 14 15 15 15 18 18 18
44 13 13 13 14 14 14 15 15 15 -1 -1 -1
44 13 13 13 14 14 14 -1 -1 -1 -1 -1 -1
44 13 13 13 -1 -1 -1 -1 -1 -1 -1 -1 -1
48 15 14 15 16 15 16 17 16 17 20 19 20
48 15 14 15 16 15 16 17 16 17 -1 -1 -1
48 15 14 15 16 15 16 -1 -1 -1 -1 -1 -1
48 15 14 15 -1 -1 -1 -1 -1 -1 -1 -1 -1
48 13 13 13 14 14 14 15 15 15 18 18 18
48 13 13 13 14 14 14 15 15 15 -1 -1 -1
48 13 13 13 14 14 14 -1 -1 -1 -1 -1 -1 
48 13 13 13 -1 -1 -1 -1 -1 -1 -1 -1 -1
*band 2 eu
52 14 14 14 15 15 15 16 16 16 19 19 19
52 14 14 14 15 15 15 16 16 16 -1 -1 -1
52 14 14 14 15 15 15 -1 -1 -1 -1 -1 -1
52 14 14 14 -1 -1 -1 -1 -1 -1 -1 -1 -1
52 12 12 12 13 13 13 14 14 14 17 17 17
52 12 12 12 13 13 13 14 14 14 -1 -1 -1
52 12 12 12 13 13 13 -1 -1 -1 -1 -1 -1
52 12 12 12 -1 -1 -1 -1 -1 -1 -1 -1 -1
56 14 14 14 15 15 15 16 16 16 19 19 19
56 14 14 14 15 15 15 16 16 16 -1 -1 -1
56 14 14 14 15 15 15 -1 -1 -1 -1 -1 -1
56 14 14 14 -1 -1 -1 -1 -1 -1 -1 -1 -1
56 12 12 12 13 13 13 14 14 14 17 17 17
56 12 12 12 13 13 13 14 14 14 -1 -1 -1
56 12 12 12 13 13 13 -1 -1 -1 -1 -1 -1
56 12 12 12 -1 -1 -1 -1 -1 -1 -1 -1 -1
60 14 14 14 15 15 15 16 16 16 19 19 19
60 14 14 14 15 15 15 16 16 16 -1 -1 -1
60 14 14 14 15 15 15 -1 -1 -1 -1 -1 -1
60 14 14 14 -1 -1 -1 -1 -1 -1 -1 -1 -1
60 12 12 12 13 13 13 14 14 14 17 17 17
60 12 12 12 13 13 13 14 14 14 -1 -1 -1
60 12 12 12 13 13 13 -1 -1 -1 -1 -1 -1
60 12 12 12 -1 -1 -1 -1 -1 -1 -1 -1 -1
64 14 14 14 15 15 15 16 16 16 19 19 19
64 14 14 14 15 15 15 16 16 16 -1 -1 -1
64 14 14 14 15 15 15 -1 -1 -1 -1 -1 -1
64 14 14 14 -1 -1 -1 -1 -1 -1 -1 -1 -1
64 12 12 12 13 13 13 14 14 14 17 17 17
64 12 12 12 13 13 13 14 14 14 -1 -1 -1
64 12 12 12 13 13 13 -1 -1 -1 -1 -1 -1
64 12 12 12 -1 -1 -1 -1 -1 -1 -1 -1 -1
*band 3 eu
100 21 21 21 22 22 22 23 23 23 24 24 24
100 21 21 21 22 22 22 23 23 23 -1 -1 -1
100 21 21 21 22 22 22 -1 -1 -1 -1 -1 -1
100 21 21 21 -1 -1 -1 -1 -1 -1 -1 -1 -1
100 15 16 17 16 17 18 17 18 19 20 21 22
100 16 17 18 17 18 19 18 19 20 -1 -1 -1
100 16 17 18 17 18 19 -1 -1 -1 -1 -1 -1
100 16 17 18 -1 -1 -1 -1 -1 -1 -1 -1 -1
104 21 21 21 22 22 22 23 23 23 24 24 24
104 21 21 21 22 22 22 23 23 23 -1 -1 -1
104 21 21 21 22 22 22 -1 -1 -1 -1 -1 -1
104 21 21 21 -1 -1 -1 -1 -1 -1 -1 -1 -1
104 15 16 17 16 17 18 17 18 19 20 21 22
104 16 17 18 17 18 19 18 19 20 -1 -1 -1
104 16 17 18 17 18 19 -1 -1 -1 -1 -1 -1
104 16 17 18 -1 -1 -1 -1 -1 -1 -1 -1 -1
108 21 21 21 22 22 22 23 23 23 24 24 24
108 21 21 21 22 22 22 23 23 23 -1 -1 -1
108 21 21 21 22 22 22 -1 -1 -1 -1 -1 -1
108 21 21 21 -1 -1 -1 -1 -1 -1 -1 -1 -1
108 15 16 17 16 17 18 17 18 19 20 21 22
108 16 17 18 17 18 19 18 19 20 -1 -1 -1
108 16 17 18 17 18 19 -1 -1 -1 -1 -1 -1
108 16 17 18 -1 -1 -1 -1 -1 -1 -1 -1 -1
112 21 21 21 22 22 22 23 23 23 24 24 24
112 21 21 21 22 22 22 23 23 23 -1 -1 -1
112 21 21 21 22 22 22 -1 -1 -1 -1 -1 -1
112 21 21 21 -1 -1 -1 -1 -1 -1 -1 -1 -1
112 15 16 17 16 17 18 17 18 19 20 21 22
112 16 17 18 17 18 19 18 19 20 -1 -1 -1
112 16 17 18 17 18 19 -1 -1 -1 -1 -1 -1
112 16 17 18 -1 -1 -1 -1 -1 -1 -1 -1 -1
116 21 21 21 22 22 22 23 23 23 24 24 24
116 21 21 21 22 22 22 23 23 23 -1 -1 -1
116 21 21 21 22 22 22 -1 -1 -1 -1 -1 -1
116 21 21 21 -1 -1 -1 -1 -1 -1 -1 -1 -1
116 15 16 17 16 17 18 17 18 19 20 21 22
116 16 17 18 17 18 19 18 19 20 -1 -1 -1
116 16 17 18 17 18 19 -1 -1 -1 -1 -1 -1
116 16 17 18 -1 -1 -1 -1 -1 -1 -1 -1 -1
120 -1 -1 -1 -1 -1 -1 -1 -1 -1 -1 -1 -1
120 -1 -1 -1 -1 -1 -1 -1 -1 -1 -1 -1 -1
120 -1 -1 -1 -1 -1 -1 -1 -1 -1 -1 -1 -1
120 -1 -1 -1 -1 -1 -1 -1 -1 -1 -1 -1 -1
120 -1 -1 -1 -1 -1 -1 -1 -1 -1 -1 -1 -1
120 -1 -1 -1 -1 -1 -1 -1 -1 -1 -1 -1 -1
120 -1 -1 -1 -1 -1 -1 -1 -1 -1 -1 -1 -1
120 -1 -1 -1 -1 -1 -1 -1 -1 -1 -1 -1 -1
124 -1 -1 -1 -1 -1 -1 -1 -1 -1 -1 -1 -1
124 -1 -1 -1 -1 -1 -1 -1 -1 -1 -1 -1 -1
124 -1 -1 -1 -1 -1 -1 -1 -1 -1 -1 -1 -1
124 -1 -1 -1 -1 -1 -1 -1 -1 -1 -1 -1 -1
124 -1 -1 -1 -1 -1 -1 -1 -1 -1 -1 -1 -1
124 -1 -1 -1 -1 -1 -1 -1 -1 -1 -1 -1 -1
124 -1 -1 -1 -1 -1 -1 -1 -1 -1 -1 -1 -1
124 -1 -1 -1 -1 -1 -1 -1 -1 -1 -1 -1 -1
128 -1 -1 -1 -1 -1 -1 -1 -1 -1 -1 -1 -1
128 -1 -1 -1 -1 -1 -1 -1 -1 -1 -1 -1 -1
128 -1 -1 -1 -1 -1 -1 -1 -1 -1 -1 -1 -1
128 -1 -1 -1 -1 -1 -1 -1 -1 -1 -1 -1 -1
128 -1 -1 -1 -1 -1 -1 -1 -1 -1 -1 -1 -1
128 -1 -1 -1 -1 -1 -1 -1 -1 -1 -1 -1 -1
128 -1 -1 -1 -1 -1 -1 -1 -1 -1 -1 -1 -1
128 -1 -1 -1 -1 -1 -1 -1 -1 -1 -1 -1 -1
132 21 21 21 22 22 22 23 23 23 24 24 24
132 21 21 21 22 22 22 23 23 23 -1 -1 -1
132 21 21 21 22 22 22 -1 -1 -1 -1 -1 -1
132 21 21 21 -1 -1 -1 -1 -1 -1 -1 -1 -1
132 15 16 17 16 17 18 17 18 19 20 21 22
132 16 17 18 17 18 19 18 19 20 -1 -1 -1
132 16 17 18 17 18 19 -1 -1 -1 -1 -1 -1
132 16 17 18 -1 -1 -1 -1 -1 -1 -1 -1 -1
136 21 21 21 22 22 22 23 23 23 24 24 24
136 21 21 21 22 22 22 23 23 23 -1 -1 -1
136 21 21 21 22 22 22 -1 -1 -1 -1 -1 -1
136 21 21 21 -1 -1 -1 -1 -1 -1 -1 -1 -1
136 15 16 17 16 17 18 17 18 19 20 21 22
136 16 17 18 17 18 19 18 19 20 -1 -1 -1
136 16 17 18 17 18 19 -1 -1 -1 -1 -1 -1
136 16 17 18 -1 -1 -1 -1 -1 -1 -1 -1 -1
140 21 21 21 22 22 22 23 23 23 24 24 24
140 21 21 21 22 22 22 23 23 23 -1 -1 -1
140 21 21 21 22 22 22 -1 -1 -1 -1 -1 -1
140 21 21 21 -1 -1 -1 -1 -1 -1 -1 -1 -1
140 15 16 17 16 17 18 17 18 19 20 21 22
140 16 17 18 17 18 19 18 19 20 -1 -1 -1
140 16 17 18 17 18 19 -1 -1 -1 -1 -1 -1
140 16 17 18 -1 -1 -1 -1 -1 -1 -1 -1 -1
144 -1 -1 -1 -1 -1 -1 -1 -1 -1 -1 -1 -1
144 -1 -1 -1 -1 -1 -1 -1 -1 -1 -1 -1 -1
144 -1 -1 -1 -1 -1 -1 -1 -1 -1 -1 -1 -1
144 -1 -1 -1 -1 -1 -1 -1 -1 -1 -1 -1 -1
144 -1 -1 -1 -1 -1 -1 -1 -1 -1 -1 -1 -1
144 -1 -1 -1 -1 -1 -1 -1 -1 -1 -1 -1 -1
144 -1 -1 -1 -1 -1 -1 -1 -1 -1 -1 -1 -1
144 -1 -1 -1 -1 -1 -1 -1 -1 -1 -1 -1 -1
*band 4 eu
149 -1 -1 -1 -1 -1 -1 -1 -1 -1 -1 -1 -1
149 -1 -1 -1 -1 -1 -1 -1 -1 -1 -1 -1 -1
149 -1 -1 -1 -1 -1 -1 -1 -1 -1 -1 -1 -1
149 -1 -1 -1 -1 -1 -1 -1 -1 -1 -1 -1 -1
149 -1 -1 -1 -1 -1 -1 -1 -1 -1 -1 -1 -1
149 -1 -1 -1 -1 -1 -1 -1 -1 -1 -1 -1 -1
149 -1 -1 -1 -1 -1 -1 -1 -1 -1 -1 -1 -1
149 -1 -1 -1 -1 -1 -1 -1 -1 -1 -1 -1 -1
153 -1 -1 -1 -1 -1 -1 -1 -1 -1 -1 -1 -1
153 -1 -1 -1 -1 -1 -1 -1 -1 -1 -1 -1 -1
153 -1 -1 -1 -1 -1 -1 -1 -1 -1 -1 -1 -1
153 -1 -1 -1 -1 -1 -1 -1 -1 -1 -1 -1 -1
153 -1 -1 -1 -1 -1 -1 -1 -1 -1 -1 -1 -1
153 -1 -1 -1 -1 -1 -1 -1 -1 -1 -1 -1 -1
153 -1 -1 -1 -1 -1 -1 -1 -1 -1 -1 -1 -1
153 -1 -1 -1 -1 -1 -1 -1 -1 -1 -1 -1 -1
157 -1 -1 -1 -1 -1 -1 -1 -1 -1 -1 -1 -1
157 -1 -1 -1 -1 -1 -1 -1 -1 -1 -1 -1 -1
157 -1 -1 -1 -1 -1 -1 -1 -1 -1 -1 -1 -1
157 -1 -1 -1 -1 -1 -1 -1 -1 -1 -1 -1 -1
157 -1 -1 -1 -1 -1 -1 -1 -1 -1 -1 -1 -1
157 -1 -1 -1 -1 -1 -1 -1 -1 -1 -1 -1 -1
157 -1 -1 -1 -1 -1 -1 -1 -1 -1 -1 -1 -1
157 -1 -1 -1 -1 -1 -1 -1 -1 -1 -1 -1 -1
161 -1 -1 -1 -1 -1 -1 -1 -1 -1 -1 -1 -1
161 -1 -1 -1 -1 -1 -1 -1 -1 -1 -1 -1 -1
161 -1 -1 -1 -1 -1 -1 -1 -1 -1 -1 -1 -1
161 -1 -1 -1 -1 -1 -1 -1 -1 -1 -1 -1 -1
161 -1 -1 -1 -1 -1 -1 -1 -1 -1 -1 -1 -1
161 -1 -1 -1 -1 -1 -1 -1 -1 -1 -1 -1 -1
161 -1 -1 -1 -1 -1 -1 -1 -1 -1 -1 -1 -1
161 -1 -1 -1 -1 -1 -1 -1 -1 -1 -1 -1 -1
165 -1 -1 -1 -1 -1 -1 -1 -1 -1 -1 -1 -1
165 -1 -1 -1 -1 -1 -1 -1 -1 -1 -1 -1 -1
165 -1 -1 -1 -1 -1 -1 -1 -1 -1 -1 -1 -1
165 -1 -1 -1 -1 -1 -1 -1 -1 -1 -1 -1 -1
165 -1 -1 -1 -1 -1 -1 -1 -1 -1 -1 -1 -1
165 -1 -1 -1 -1 -1 -1 -1 -1 -1 -1 -1 -1
165 -1 -1 -1 -1 -1 -1 -1 -1 -1 -1 -1 -1
165 -1 -1 -1 -1 -1 -1 -1 -1 -1 -1 -1 -1
169 -1 -1 -1 -1 -1 -1 -1 -1 -1 -1 -1 -1   
169 -1 -1 -1 -1 -1 -1 -1 -1 -1 -1 -1 -1
169 -1 -1 -1 -1 -1 -1 -1 -1 -1 -1 -1 -1
169 -1 -1 -1 -1 -1 -1 -1 -1 -1 -1 -1 -1
169 -1 -1 -1 -1 -1 -1 -1 -1 -1 -1 -1 -1
169 -1 -1 -1 -1 -1 -1 -1 -1 -1 -1 -1 -1
169 -1 -1 -1 -1 -1 -1 -1 -1 -1 -1 -1 -1
169 -1 -1 -1 -1 -1 -1 -1 -1 -1 -1 -1 -1
