*band 1 us
36 15 16 21 16 17 22 17 18 23 20 21 24
36 15 16 21 16 17 22 17 18 23 -1 -1 -1
36 15 16 21 16 17 22 -1 -1 -1 -1 -1 -1
36 15 16 21 -1 -1 -1 -1 -1 -1 -1 -1 -1
36 15 17 22 16 18 23 17 19 24 20 22 24
36 15 17 22 16 18 23 17 19 24 -1 -1 -1
36 15 17 22 16 18 23 -1 -1 -1 -1 -1 -1
36 15 17 22 -1 -1 -1 -1 -1 -1 -1 -1 -1
40 15 16 22 16 17 23 17 18 24 20 21 24
40 15 16 22 16 17 23 17 18 24 -1 -1 -1
40 15 16 22 16 17 23 -1 -1 -1 -1 -1 -1
40 15 16 22 -1 -1 -1 -1 -1 -1 -1 -1 -1
40 15 17 22 16 18 24 17 19 24 20 22 24
40 15 17 22 16 18 24 17 19 24 -1 -1 -1
40 15 17 22 16 18 24 -1 -1 -1 -1 -1 -1
40 15 17 22 -1 -1 -1 -1 -1 -1 -1 -1 -1
44 15 24 22 16 24 23 17 24 24 20 24 24
44 15 24 22 16 24 23 17 24 24 -1 -1 -1
44 15 24 22 16 24 23 -1 -1 -1 -1 -1 -1
44 15 24 22 -1 -1 -1 -1 -1 -1 -1 -1 -1
44 15 22 22 16 23 23 17 24 24 20 24 24
44 15 22 22 16 23 23 17 24 24 -1 -1 -1
44 15 22 22 16 23 23 -1 -1 -1 -1 -1 -1
44 15 22 22 -1 -1 -1 -1 -1 -1 -1 -1 -1
48 15 24 22 16 23 23 17 24 24 20 24 24
48 15 24 22 16 23 23 17 24 24 -1 -1 -1
48 15 24 22 16 23 23 -1 -1 -1 -1 -1 -1
48 15 24 22 -1 -1 -1 -1 -1 -1 -1 -1 -1
48 15 22 22 16 23 24 17 24 24 20 24 24
48 15 22 22 16 23 24 17 24 24 -1 -1 -1
48 15 22 22 16 23 24 -1 -1 -1 -1 -1 -1
48 15 22 22 -1 -1 -1 -1 -1 -1 -1 -1 -1
*band 2 us
52 16 19 17 17 20 18 18 21 19 21 24 22
52 16 19 18 17 20 19 20 21 20 -1 -1 -1
52 16 19 18 17 20 19 -1 -1 -1 -1 -1 -1
52 16 19 18 -1 -1 -1 -1 -1 -1 -1 -1 -1
52 15 16 17 16 17 18 17 18 19 20 21 22
52 15 19 19 16 20 20 17 21 21 -1 -1 -1
52 15 19 19 16 20 20 -1 -1 -1 -1 -1 -1
52 15 19 19 -1 -1 -1 -1 -1 -1 -1 -1 -1
56 16 19 17 17 20 18 18 21 19 21 24 22
56 16 19 18 17 20 19 20 21 20 -1 -1 -1
56 16 19 18 17 20 19 -1 -1 -1 -1 -1 -1
56 16 19 18 -1 -1 -1 -1 -1 -1 -1 -1 -1
56 15 16 17 16 17 18 17 18 19 20 21 22
56 15 19 19 16 20 20 17 21 21 -1 -1 -1
56 15 19 19 16 20 20 -1 -1 -1 -1 -1 -1
56 15 19 19 -1 -1 -1 -1 -1 -1 -1 -1 -1
60 16 19 16 17 20 17 18 21 18 21 24 21
60 16 19 18 17 20 19 18 21 20 -1 -1 -1
60 16 19 18 17 20 19 -1 -1 -1 -1 -1 -1
60 16 19 18 -1 -1 -1 -1 -1 -1 -1 -1 -1
60 15 17 16 16 18 17 17 19 18 20 22 21
60 15 17 18 16 18 19 17 19 20 -1 -1 -1
60 15 17 18 16 18 19 -1 -1 -1 -1 -1 -1
60 15 17 18 -1 -1 -1 -1 -1 -1 -1 -1 -1
64 16 19 16 17 20 17 18 21 18 21 24 21
64 16 19 18 17 20 19 18 21 20 -1 -1 -1
64 16 19 18 17 20 19 -1 -1 -1 -1 -1 -1
64 16 19 18 -1 -1 -1 -1 -1 -1 -1 -1 -1
64 15 17 16 16 18 17 17 19 18 20 22 21
64 15 17 18 16 18 19 17 19 20 -1 -1 -1
64 15 17 18 16 18 19 -1 -1 -1 -1 -1 -1
64 15 17 18 -1 -1 -1 -1 -1 -1 -1 -1 -1
*band 3 us
100 16 18 16 17 19 17 18 20 18 21 23 21
100 16 18 18 17 19 19 18 20 20 -1 -1 -1
100 16 18 18 17 19 19 -1 -1 -1 -1 -1 -1
100 16 18 18 -1 -1 -1 -1 -1 -1 -1 -1 -1
100 16 16 16 17 17 17 18 18 18 21 21 21
100 16 16 18 17 17 19 18 18 20 -1 -1 -1
100 16 16 18 17 17 19 -1 -1 -1 -1 -1 -1
100 16 16 18 -1 -1 -1 -1 -1 -1 -1 -1 -1
104 16 18 16 17 19 17 18 20 18 21 23 21
104 16 18 18 17 19 19 18 20 20 -1 -1 -1
104 16 18 18 17 19 19 -1 -1 -1 -1 -1 -1
104 16 18 18 -1 -1 -1 -1 -1 -1 -1 -1 -1
104 16 16 16 17 17 17 18 18 18 21 21 21
104 16 16 18 17 17 19 18 18 20 -1 -1 -1
104 16 16 18 17 17 19 -1 -1 -1 -1 -1 -1
104 16 16 18 -1 -1 -1 -1 -1 -1 -1 -1 -1
108 16 18 16 17 19 17 18 20 18 21 23 21
108 16 18 18 17 19 19 18 20 20 -1 -1 -1
108 16 18 18 17 19 19 -1 -1 -1 -1 -1 -1
108 16 18 18 -1 -1 -1 -1 -1 -1 -1 -1 -1
108 16 15 16 17 16 17 18 17 18 21 20 21
108 16 18 18 17 19 19 18 18 20 -1 -1 -1
108 16 18 18 17 19 19 -1 -1 -1 -1 -1 -1
108 16 18 18 -1 -1 -1 -1 -1 -1 -1 -1 -1
112 16 18 16 17 19 17 18 20 18 21 23 21
112 16 18 18 17 19 19 18 20 20 -1 -1 -1
112 16 18 18 17 19 19 -1 -1 -1 -1 -1 -1
112 16 18 18 -1 -1 -1 -1 -1 -1 -1 -1 -1
112 16 15 16 17 16 17 18 17 18 21 20 21
112 16 18 18 17 19 19 18 18 20 -1 -1 -1
112 16 18 18 17 19 19 -1 -1 -1 -1 -1 -1
112 16 18 18 -1 -1 -1 -1 -1 -1 -1 -1 -1
116 18 18 16 19 19 17 20 20 18 23 23 21
116 18 18 18 19 19 19 20 20 20 -1 -1 -1
116 18 18 18 19 19 19 -1 -1 -1 -1 -1 -1
116 18 18 18 -1 -1 -1 -1 -1 -1 -1 -1 -1
116 18 15 16 16 18 18 17 19 19 20 22 22
116 18 18 18 19 19 19 20 20 20 -1 -1 -1
116 18 18 18 19 19 19 -1 -1 -1 -1 -1 -1
116 18 18 18 -1 -1 -1 -1 -1 -1 -1 -1 -1
120 18 18 16 19 19 17 20 20 18 23 23 21
120 18 18 18 19 19 19 20 20 20 -1 -1 -1
120 18 18 18 19 19 19 -1 -1 -1 -1 -1 -1
120 18 18 18 -1 -1 -1 -1 -1 -1 -1 -1 -1
120 18 15 16 16 18 18 17 19 19 20 22 22
120 18 18 18 19 19 19 20 20 20 -1 -1 -1
120 18 18 18 19 19 19 -1 -1 -1 -1 -1 -1
120 18 18 18 -1 -1 -1 -1 -1 -1 -1 -1 -1
124 18 18 16 19 19 17 20 20 18 23 23 21
124 18 18 18 19 19 19 20 20 20 -1 -1 -1
124 18 18 18 19 19 19 -1 -1 -1 -1 -1 -1
124 18 18 18 -1 -1 -1 -1 -1 -1 -1 -1 -1
124 18 15 16 16 18 18 17 19 19 20 22 22
124 18 18 18 19 19 19 20 20 20 -1 -1 -1
124 18 18 18 19 19 19 -1 -1 -1 -1 -1 -1
124 18 18 18 -1 -1 -1 -1 -1 -1 -1 -1 -1
128 18 18 16 19 19 17 20 20 18 23 23 21
128 18 18 18 19 19 19 20 20 20 -1 -1 -1
128 18 18 18 19 19 19 -1 -1 -1 -1 -1 -1
128 18 18 18 -1 -1 -1 -1 -1 -1 -1 -1 -1
128 18 15 16 16 18 18 17 19 19 20 22 22
128 18 18 18 19 19 19 20 20 20 -1 -1 -1
128 18 18 18 19 19 19 -1 -1 -1 -1 -1 -1
128 18 18 18 -1 -1 -1 -1 -1 -1 -1 -1 -1
132 18 18 16 19 19 17 20 20 18 23 23 21
132 18 18 18 19 19 19 20 20 20 -1 -1 -1
132 18 18 18 19 19 19 -1 -1 -1 -1 -1 -1
132 18 18 18 -1 -1 -1 -1 -1 -1 -1 -1 -1
132 18 15 16 16 18 18 17 19 19 20 22 22
132 18 18 18 19 19 19 20 20 20 -1 -1 -1
132 18 18 18 19 19 19 -1 -1 -1 -1 -1 -1
132 18 18 18 -1 -1 -1 -1 -1 -1 -1 -1 -1
136 18 18 16 19 19 17 20 20 18 23 23 21
136 18 18 18 19 19 19 20 20 20 -1 -1 -1
136 18 18 18 19 19 19 -1 -1 -1 -1 -1 -1
136 18 18 18 -1 -1 -1 -1 -1 -1 -1 -1 -1
136 18 15 16 16 18 18 17 19 19 20 22 22
136 18 18 18 19 19 19 20 20 20 -1 -1 -1
136 18 18 18 19 19 19 -1 -1 -1 -1 -1 -1
136 18 18 18 -1 -1 -1 -1 -1 -1 -1 -1 -1
140 18 18 16 19 19 17 20 20 18 23 23 21
140 18 18 18 19 19 19 20 20 20 -1 -1 -1
140 18 18 18 19 19 19 -1 -1 -1 -1 -1 -1
140 18 18 18 -1 -1 -1 -1 -1 -1 -1 -1 -1
140 18 15 16 16 18 18 17 19 19 20 22 22
140 18 18 18 19 19 19 20 20 20 -1 -1 -1
140 18 18 18 19 19 19 -1 -1 -1 -1 -1 -1
140 18 18 18 -1 -1 -1 -1 -1 -1 -1 -1 -1
144 -1 -1 -1 -1 -1 -1 -1 -1 -1 -1 -1 -1
144 -1 -1 -1 -1 -1 -1 -1 -1 -1 -1 -1 -1
144 -1 -1 -1 -1 -1 -1 -1 -1 -1 -1 -1 -1
144 -1 -1 -1 -1 -1 -1 -1 -1 -1 -1 -1 -1
144 -1 -1 -1 -1 -1 -1 -1 -1 -1 -1 -1 -1
144 -1 -1 -1 -1 -1 -1 -1 -1 -1 -1 -1 -1
144 -1 -1 -1 -1 -1 -1 -1 -1 -1 -1 -1 -1
144 -1 -1 -1 -1 -1 -1 -1 -1 -1 -1 -1 -1
*band 4 us
149 22 24 24 23 24 24 24 24 24 24 24 24
149 24 24 24 24 24 24 24 24 24 -1 -1 -1
149 24 24 24 24 24 24 -1 -1 -1 -1 -1 -1
149 24 24 24 -1 -1 -1 -1 -1 -1 -1 -1 -1
149 22 21 21 23 22 22 24 23 23 24 24 24
149 24 24 24 24 24 24 24 24 24 -1 -1 -1
149 24 24 24 24 24 24 -1 -1 -1 -1 -1 -1
149 24 24 24 -1 -1 -1 -1 -1 -1 -1 -1 -1
153 22 24 24 23 24 24 24 24 24 24 24 24
153 24 24 24 24 24 24 24 24 24 -1 -1 -1
153 24 24 24 24 24 24 -1 -1 -1 -1 -1 -1
153 24 24 24 -1 -1 -1 -1 -1 -1 -1 -1 -1
153 22 21 21 23 22 22 24 23 23 24 24 24
153 24 24 24 24 24 24 24 24 24 -1 -1 -1
153 24 24 24 24 24 24 -1 -1 -1 -1 -1 -1
153 24 24 24 -1 -1 -1 -1 -1 -1 -1 -1 -1
157 22 24 24 23 24 24 24 24 24 24 24 24
157 24 24 24 24 24 24 24 24 24 -1 -1 -1
157 24 24 24 24 24 24 -1 -1 -1 -1 -1 -1
157 24 24 24 -1 -1 -1 -1 -1 -1 -1 -1 -1
157 22 21 21 23 22 22 24 23 23 24 24 24
157 24 24 24 24 24 24 24 24 24 -1 -1 -1
157 24 24 24 24 24 24 -1 -1 -1 -1 -1 -1
157 24 24 24 -1 -1 -1 -1 -1 -1 -1 -1 -1
161 22 24 24 23 24 24 24 24 24 24 24 24
161 24 24 24 24 24 24 24 24 24 -1 -1 -1
161 24 24 24 24 24 24 -1 -1 -1 -1 -1 -1
161 24 24 24 -1 -1 -1 -1 -1 -1 -1 -1 -1
161 22 21 21 23 22 22 24 23 23 24 24 24
161 24 24 24 24 24 24 24 24 24 -1 -1 -1
161 24 24 24 24 24 24 -1 -1 -1 -1 -1 -1
161 24 24 24 -1 -1 -1 -1 -1 -1 -1 -1 -1
165 22 24 24 23 24 24 24 24 24 24 24 24
165 24 24 24 24 24 24 24 24 24 -1 -1 -1
165 24 24 24 24 24 24 -1 -1 -1 -1 -1 -1
165 24 24 24 -1 -1 -1 -1 -1 -1 -1 -1 -1
165 22 21 21 23 22 22 24 23 23 24 24 24
165 24 24 24 24 24 24 24 24 24 -1 -1 -1
165 24 24 24 24 24 24 -1 -1 -1 -1 -1 -1
165 24 24 24 -1 -1 -1 -1 -1 -1 -1 -1 -1
169 -1 -1 -1 -1 -1 -1 -1 -1 -1 -1 -1 -1
169 -1 -1 -1 -1 -1 -1 -1 -1 -1 -1 -1 -1
169 -1 -1 -1 -1 -1 -1 -1 -1 -1 -1 -1 -1
169 -1 -1 -1 -1 -1 -1 -1 -1 -1 -1 -1 -1
169 -1 -1 -1 -1 -1 -1 -1 -1 -1 -1 -1 -1
169 -1 -1 -1 -1 -1 -1 -1 -1 -1 -1 -1 -1
169 -1 -1 -1 -1 -1 -1 -1 -1 -1 -1 -1 -1
169 -1 -1 -1 -1 -1 -1 -1 -1 -1 -1 -1 -1
