*band 1 jp
36 14 15 15 15 16 16 16 17 17 19 20 20
36 14 15 15 15 16 16 16 17 17 -1 -1 -1
36 14 15 15 15 16 16 -1 -1 -1 -1 -1 -1
36 14 15 15 -1 -1 -1 -1 -1 -1 -1 -1 -1
36 14 15 15 15 16 16 16 17 17 19 20 20
36 14 15 15 15 16 16 16 17 17 -1 -1 -1
36 14 15 15 15 16 16 -1 -1 -1 -1 -1 -1
36 14 15 15 -1 -1 -1 -1 -1 -1 -1 -1 -1
40 14 15 15 15 16 16 16 17 17 19 20 20
40 14 15 15 15 16 16 16 17 17 -1 -1 -1
40 14 15 15 15 16 16 -1 -1 -1 -1 -1 -1
40 14 15 15 -1 -1 -1 -1 -1 -1 -1 -1 -1
40 14 15 15 15 16 16 16 17 17 19 20 20
40 14 15 15 15 16 16 16 17 17 -1 -1 -1
40 14 15 15 15 16 16 -1 -1 -1 -1 -1 -1
40 14 15 15 -1 -1 -1 -1 -1 -1 -1 -1 -1
44 14 15 15 15 16 16 16 17 17 19 20 20
44 14 15 15 15 16 16 16 17 17 -1 -1 -1
44 14 15 15 15 16 16 -1 -1 -1 -1 -1 -1
44 14 15 15 -1 -1 -1 -1 -1 -1 -1 -1 -1
44 14 15 15 15 16 16 16 17 17 19 20 20
44 14 15 15 15 16 16 16 17 17 -1 -1 -1
44 14 15 15 15 16 16 -1 -1 -1 -1 -1 -1
44 14 15 15 -1 -1 -1 -1 -1 -1 -1 -1 -1
48 14 15 15 15 16 16 16 17 17 19 20 20
48 14 15 15 15 16 16 16 17 17 -1 -1 -1
48 14 15 15 15 16 16 -1 -1 -1 -1 -1 -1
48 14 15 15 -1 -1 -1 -1 -1 -1 -1 -1 -1
48 14 15 15 15 16 16 16 17 17 19 20 20
48 14 15 15 15 16 16 16 17 17 -1 -1 -1
48 14 15 15 15 16 16 -1 -1 -1 -1 -1 -1
48 14 15 15 -1 -1 -1 -1 -1 -1 -1 -1 -1
*band 2 jp
52 14 15 15 15 16 16 16 17 17 19 20 20
52 14 15 15 15 16 16 16 17 17 -1 -1 -1
52 14 15 15 15 16 16 -1 -1 -1 -1 -1 -1
52 14 15 15 -1 -1 -1 -1 -1 -1 -1 -1 -1
52 14 15 15 15 16 16 16 17 17 19 20 20
52 14 15 15 15 16 16 16 17 17 -1 -1 -1
52 14 15 15 15 16 16 -1 -1 -1 -1 -1 -1
52 14 15 15 -1 -1 -1 -1 -1 -1 -1 -1 -1
56 14 15 15 15 16 16 16 17 17 19 20 20
56 14 15 15 15 16 16 16 17 17 -1 -1 -1
56 14 15 15 15 16 16 -1 -1 -1 -1 -1 -1
56 14 15 15 -1 -1 -1 -1 -1 -1 -1 -1 -1
56 14 15 15 15 16 16 16 17 17 19 20 20
56 14 15 15 15 16 16 16 17 17 -1 -1 -1
56 14 15 15 15 16 16 -1 -1 -1 -1 -1 -1
56 14 15 15 -1 -1 -1 -1 -1 -1 -1 -1 -1
60 14 15 15 15 16 16 16 17 17 19 20 20
60 14 15 15 15 16 16 16 17 17 -1 -1 -1
60 14 15 15 15 16 16 -1 -1 -1 -1 -1 -1
60 14 15 15 -1 -1 -1 -1 -1 -1 -1 -1 -1
60 14 15 15 15 16 16 16 17 17 19 20 20
60 14 15 15 15 16 16 16 17 17 -1 -1 -1
60 14 15 15 15 16 16 -1 -1 -1 -1 -1 -1
60 14 15 15 -1 -1 -1 -1 -1 -1 -1 -1 -1
64 14 15 15 15 16 16 16 17 17 19 20 20
64 14 15 15 15 16 16 16 17 17 -1 -1 -1
64 14 15 15 15 16 16 -1 -1 -1 -1 -1 -1
64 14 15 15 -1 -1 -1 -1 -1 -1 -1 -1 -1
64 14 15 15 15 16 16 16 17 17 19 20 20
64 14 15 15 15 16 16 16 17 17 -1 -1 -1
64 14 15 15 15 16 16 -1 -1 -1 -1 -1 -1
64 14 15 15 -1 -1 -1 -1 -1 -1 -1 -1 -1
*band 3 jp
100 17 17 17 18 18 18 19 19 19 22 22 22
100 17 17 17 18 18 18 19 19 19 -1 -1 -1
100 17 17 17 18 18 18 -1 -1 -1 -1 -1 -1
100 17 17 17 -1 -1 -1 -1 -1 -1 -1 -1 -1
100 17 17 17 18 18 18 19 19 19 22 22 22
100 17 17 17 18 18 18 19 19 19 -1 -1 -1
100 17 17 17 18 18 18 -1 -1 -1 -1 -1 -1
100 17 17 17 -1 -1 -1 -1 -1 -1 -1 -1 -1
104 17 17 17 18 18 18 19 19 19 22 22 22
104 17 17 17 18 18 18 19 19 19 -1 -1 -1
104 17 17 17 18 18 18 -1 -1 -1 -1 -1 -1
104 17 17 17 -1 -1 -1 -1 -1 -1 -1 -1 -1
104 17 17 17 18 18 18 19 19 19 22 22 22
104 17 17 17 18 18 18 19 19 19 -1 -1 -1
104 17 17 17 18 18 18 -1 -1 -1 -1 -1 -1
104 17 17 17 -1 -1 -1 -1 -1 -1 -1 -1 -1
108 17 17 17 18 18 18 19 19 19 22 22 22
108 17 17 17 18 18 18 19 19 19 -1 -1 -1
108 17 17 17 18 18 18 -1 -1 -1 -1 -1 -1
108 17 17 17 -1 -1 -1 -1 -1 -1 -1 -1 -1
108 17 17 17 18 18 18 19 19 19 22 22 22
108 17 17 17 18 18 18 19 19 19 -1 -1 -1
108 17 17 17 18 18 18 -1 -1 -1 -1 -1 -1
108 17 17 17 -1 -1 -1 -1 -1 -1 -1 -1 -1
112 17 17 17 18 18 18 19 19 19 22 22 22
112 17 17 17 18 18 18 19 19 19 -1 -1 -1
112 17 17 17 18 18 18 -1 -1 -1 -1 -1 -1
112 17 17 17 -1 -1 -1 -1 -1 -1 -1 -1 -1
112 17 17 17 18 18 18 19 19 19 22 22 22
112 17 17 17 18 18 18 19 19 19 -1 -1 -1
112 17 17 17 18 18 18 -1 -1 -1 -1 -1 -1
112 17 17 17 -1 -1 -1 -1 -1 -1 -1 -1 -1
116 17 17 17 18 18 18 19 19 19 22 22 22
116 17 17 17 18 18 18 19 19 19 -1 -1 -1
116 17 17 17 18 18 18 -1 -1 -1 -1 -1 -1
116 17 17 17 -1 -1 -1 -1 -1 -1 -1 -1 -1
116 17 17 17 18 18 18 19 19 19 22 22 22
116 17 17 17 18 18 18 19 19 19 -1 -1 -1
116 17 17 17 18 18 18 -1 -1 -1 -1 -1 -1
116 17 17 17 -1 -1 -1 -1 -1 -1 -1 -1 -1
120 17 17 17 18 18 18 19 19 19 22 22 22
120 17 17 17 18 18 18 19 19 19 -1 -1 -1
120 17 17 17 18 18 18 -1 -1 -1 -1 -1 -1
120 17 17 17 -1 -1 -1 -1 -1 -1 -1 -1 -1
120 17 17 17 18 18 18 19 19 19 22 22 22
120 17 17 17 18 18 18 19 19 19 -1 -1 -1
120 17 17 17 18 18 18 -1 -1 -1 -1 -1 -1
120 17 17 17 -1 -1 -1 -1 -1 -1 -1 -1 -1
124 16 17 17 17 18 18 18 19 19 22 22 22
124 16 17 17 17 18 18 18 19 19 -1 -1 -1
124 16 17 17 17 18 18 -1 -1 -1 -1 -1 -1
124 16 17 17 -1 -1 -1 -1 -1 -1 -1 -1 -1
124 16 17 17 17 18 18 18 19 19 22 22 22
124 16 17 17 17 18 18 18 19 19 -1 -1 -1
124 16 17 17 17 18 18 -1 -1 -1 -1 -1 -1
124 16 17 17 -1 -1 -1 -1 -1 -1 -1 -1 -1
128 16 17 17 17 18 18 18 19 19 22 22 22
128 16 17 17 17 18 18 18 19 19 -1 -1 -1
128 16 17 17 17 18 18 -1 -1 -1 -1 -1 -1
128 16 17 17 -1 -1 -1 -1 -1 -1 -1 -1 -1
128 16 17 17 17 18 18 18 19 19 22 22 22
128 16 17 17 17 18 18 18 19 19 -1 -1 -1
128 16 17 17 17 18 18 -1 -1 -1 -1 -1 -1
128 16 17 17 -1 -1 -1 -1 -1 -1 -1 -1 -1
132 16 17 17 17 18 18 18 19 19 22 22 22
132 16 17 17 17 18 18 18 19 19 -1 -1 -1
132 16 17 17 17 18 18 -1 -1 -1 -1 -1 -1
132 16 17 17 -1 -1 -1 -1 -1 -1 -1 -1 -1
132 16 17 17 17 18 18 18 19 19 22 22 22
132 16 17 17 17 18 18 18 19 19 -1 -1 -1
132 16 17 17 17 18 18 -1 -1 -1 -1 -1 -1
132 16 17 17 -1 -1 -1 -1 -1 -1 -1 -1 -1
136 16 17 17 17 18 18 18 19 19 22 22 22
136 16 17 17 17 18 18 18 19 19 -1 -1 -1
136 16 17 17 17 18 18 -1 -1 -1 -1 -1 -1
136 16 17 17 -1 -1 -1 -1 -1 -1 -1 -1 -1
136 16 17 17 17 18 18 18 19 19 22 22 22
136 16 17 17 17 18 18 18 19 19 -1 -1 -1
136 16 17 17 17 18 18 -1 -1 -1 -1 -1 -1
136 16 17 17 -1 -1 -1 -1 -1 -1 -1 -1 -1
140 16 17 18 17 18 19 18 19 20 21 22 23
140 16 17 18 17 18 19 18 19 20 -1 -1 -1
140 16 17 18 17 18 19 -1 -1 -1 -1 -1 -1
140 16 17 18 -1 -1 -1 -1 -1 -1 -1 -1 -1
140 16 17 18 17 18 19 18 19 20 21 22 23
140 16 17 18 17 18 19 18 19 20 -1 -1 -1
140 16 17 18 17 18 19 -1 -1 -1 -1 -1 -1
140 16 17 18 -1 -1 -1 -1 -1 -1 -1 -1 -1
144 -1 -1 -1 -1 -1 -1 -1 -1 -1 -1 -1 -1
144 -1 -1 -1 -1 -1 -1 -1 -1 -1 -1 -1 -1
144 -1 -1 -1 -1 -1 -1 -1 -1 -1 -1 -1 -1
144 -1 -1 -1 -1 -1 -1 -1 -1 -1 -1 -1 -1
144 -1 -1 -1 -1 -1 -1 -1 -1 -1 -1 -1 -1
144 -1 -1 -1 -1 -1 -1 -1 -1 -1 -1 -1 -1
144 -1 -1 -1 -1 -1 -1 -1 -1 -1 -1 -1 -1
144 -1 -1 -1 -1 -1 -1 -1 -1 -1 -1 -1 -1
*band 4 jp
149 -1 -1 -1 -1 -1 -1 -1 -1 -1 -1 -1 -1
149 -1 -1 -1 -1 -1 -1 -1 -1 -1 -1 -1 -1
149 -1 -1 -1 -1 -1 -1 -1 -1 -1 -1 -1 -1
149 -1 -1 -1 -1 -1 -1 -1 -1 -1 -1 -1 -1
149 -1 -1 -1 -1 -1 -1 -1 -1 -1 -1 -1 -1
149 -1 -1 -1 -1 -1 -1 -1 -1 -1 -1 -1 -1
149 -1 -1 -1 -1 -1 -1 -1 -1 -1 -1 -1 -1
149 -1 -1 -1 -1 -1 -1 -1 -1 -1 -1 -1 -1
153 -1 -1 -1 -1 -1 -1 -1 -1 -1 -1 -1 -1
153 -1 -1 -1 -1 -1 -1 -1 -1 -1 -1 -1 -1
153 -1 -1 -1 -1 -1 -1 -1 -1 -1 -1 -1 -1
153 -1 -1 -1 -1 -1 -1 -1 -1 -1 -1 -1 -1
153 -1 -1 -1 -1 -1 -1 -1 -1 -1 -1 -1 -1
153 -1 -1 -1 -1 -1 -1 -1 -1 -1 -1 -1 -1
153 -1 -1 -1 -1 -1 -1 -1 -1 -1 -1 -1 -1
153 -1 -1 -1 -1 -1 -1 -1 -1 -1 -1 -1 -1
157 -1 -1 -1 -1 -1 -1 -1 -1 -1 -1 -1 -1
157 -1 -1 -1 -1 -1 -1 -1 -1 -1 -1 -1 -1
157 -1 -1 -1 -1 -1 -1 -1 -1 -1 -1 -1 -1
157 -1 -1 -1 -1 -1 -1 -1 -1 -1 -1 -1 -1
157 -1 -1 -1 -1 -1 -1 -1 -1 -1 -1 -1 -1
157 -1 -1 -1 -1 -1 -1 -1 -1 -1 -1 -1 -1
157 -1 -1 -1 -1 -1 -1 -1 -1 -1 -1 -1 -1
157 -1 -1 -1 -1 -1 -1 -1 -1 -1 -1 -1 -1
161 -1 -1 -1 -1 -1 -1 -1 -1 -1 -1 -1 -1
161 -1 -1 -1 -1 -1 -1 -1 -1 -1 -1 -1 -1
161 -1 -1 -1 -1 -1 -1 -1 -1 -1 -1 -1 -1
161 -1 -1 -1 -1 -1 -1 -1 -1 -1 -1 -1 -1
161 -1 -1 -1 -1 -1 -1 -1 -1 -1 -1 -1 -1
161 -1 -1 -1 -1 -1 -1 -1 -1 -1 -1 -1 -1
161 -1 -1 -1 -1 -1 -1 -1 -1 -1 -1 -1 -1
161 -1 -1 -1 -1 -1 -1 -1 -1 -1 -1 -1 -1
165 -1 -1 -1 -1 -1 -1 -1 -1 -1 -1 -1 -1
165 -1 -1 -1 -1 -1 -1 -1 -1 -1 -1 -1 -1
165 -1 -1 -1 -1 -1 -1 -1 -1 -1 -1 -1 -1
165 -1 -1 -1 -1 -1 -1 -1 -1 -1 -1 -1 -1
165 -1 -1 -1 -1 -1 -1 -1 -1 -1 -1 -1 -1
165 -1 -1 -1 -1 -1 -1 -1 -1 -1 -1 -1 -1
165 -1 -1 -1 -1 -1 -1 -1 -1 -1 -1 -1 -1
165 -1 -1 -1 -1 -1 -1 -1 -1 -1 -1 -1 -1
169 -1 -1 -1 -1 -1 -1 -1 -1 -1 -1 -1 -1   
169 -1 -1 -1 -1 -1 -1 -1 -1 -1 -1 -1 -1
169 -1 -1 -1 -1 -1 -1 -1 -1 -1 -1 -1 -1
169 -1 -1 -1 -1 -1 -1 -1 -1 -1 -1 -1 -1
169 -1 -1 -1 -1 -1 -1 -1 -1 -1 -1 -1 -1
169 -1 -1 -1 -1 -1 -1 -1 -1 -1 -1 -1 -1
169 -1 -1 -1 -1 -1 -1 -1 -1 -1 -1 -1 -1
169 -1 -1 -1 -1 -1 -1 -1 -1 -1 -1 -1 -1
